ON
File , CH0 , CH1 , CH2 ,  CH3
MG11_NET4_2017_038_DD_E1_172242_0008_ASCII.dat , 1.214516e+02 , 1.214516e+02 , 1.213528e+02 ,  1.214928e+02
MG11_NET4_2017_038_DD_E1_172242_0018_ASCII.dat , 1.215257e+02 , 1.215010e+02 , 1.214928e+02 ,  1.214269e+02
MG11_NET4_2017_038_DD_E1_172242_0028_ASCII.dat , 1.216244e+02 , 1.215093e+02 , 1.215010e+02 ,  1.214928e+02
MG11_NET4_2017_038_DD_E1_172242_0038_ASCII.dat , 1.216244e+02 , 1.215915e+02 , 1.215093e+02 ,  1.215093e+02
MG11_NET4_2017_038_DD_E1_172242_0048_ASCII.dat , 1.217888e+02 , 1.217888e+02 , 1.216491e+02 ,  1.216737e+02
MG11_NET4_2017_038_DD_E1_172242_0058_ASCII.dat , 1.222804e+02 , 1.221331e+02 , 1.221822e+02 ,  1.221822e+02
MG11_NET4_2017_038_DD_E1_172242_0068_ASCII.dat , 1.219119e+02 , 1.219119e+02 , 1.218708e+02 ,  1.217888e+02
MG11_NET4_2017_038_DD_E1_172242_0078_ASCII.dat , 1.222804e+02 , 1.221904e+02 , 1.221331e+02 ,  1.222150e+02
MG11_NET4_2017_038_DD_E1_172242_0088_ASCII.dat , 1.221413e+02 , 1.221167e+02 , 1.221167e+02 ,  1.220676e+02
MG11_NET4_2017_038_DD_E1_172242_0098_ASCII.dat , 1.223622e+02 , 1.223131e+02 , 1.223131e+02 ,  1.222804e+02
MG11_NET4_2017_038_DD_E1_172242_0108_ASCII.dat , 1.225255e+02 , 1.225092e+02 , 1.224030e+02 ,  1.224847e+02
MG11_NET4_2017_038_DD_E1_172242_0118_ASCII.dat , 1.227294e+02 , 1.226723e+02 , 1.226234e+02 ,  1.226234e+02
MG11_NET4_2017_038_DD_E1_172242_0128_ASCII.dat , 1.229085e+02 , 1.228434e+02 , 1.227701e+02 ,  1.227701e+02
MG11_NET4_2017_038_DD_E1_172242_0138_ASCII.dat , 1.230874e+02 , 1.230386e+02 , 1.230142e+02 ,  1.230549e+02

OFF
File , CH0 , CH1 , CH2 ,  CH3
MG11_NET4_2017_038_DD_E1_172242_0001_ASCII.dat , 1.215093e+02 , 1.214352e+02 , 1.214187e+02 ,  1.212456e+02
MG11_NET4_2017_038_DD_E1_172242_0011_ASCII.dat , 1.201020e+02 , 1.199604e+02 , 1.200271e+02 ,  1.199354e+02
MG11_NET4_2017_038_DD_E1_172242_0021_ASCII.dat , 1.201770e+02 , 1.201520e+02 , 1.200937e+02 ,  1.200937e+02
MG11_NET4_2017_038_DD_E1_172242_0031_ASCII.dat , 1.201686e+02 , 1.200937e+02 , 1.200521e+02 ,  1.201520e+02
MG11_NET4_2017_038_DD_E1_172242_0041_ASCII.dat , 1.201770e+02 , 1.201520e+02 , 1.200937e+02 ,  1.201686e+02
MG11_NET4_2017_038_DD_E1_172242_0051_ASCII.dat , 1.203349e+02 , 1.203183e+02 , 1.202601e+02 ,  1.203349e+02
MG11_NET4_2017_038_DD_E1_172242_0061_ASCII.dat , 1.206752e+02 , 1.205840e+02 , 1.205342e+02 ,  1.205591e+02
MG11_NET4_2017_038_DD_E1_172242_0071_ASCII.dat , 1.209483e+02 , 1.209235e+02 , 1.209235e+02 ,  1.209070e+02
MG11_NET4_2017_038_DD_E1_172242_0081_ASCII.dat , 1.208739e+02 , 1.207994e+02 , 1.207332e+02 ,  1.207994e+02
MG11_NET4_2017_038_DD_E1_172242_0091_ASCII.dat , 1.206752e+02 , 1.206752e+02 , 1.205840e+02 ,  1.206255e+02
MG11_NET4_2017_038_DD_E1_172242_0101_ASCII.dat , 1.209566e+02 , 1.209814e+02 , 1.208077e+02 ,  1.209070e+02
MG11_NET4_2017_038_DD_E1_172242_0111_ASCII.dat , 1.211218e+02 , 1.210475e+02 , 1.210062e+02 ,  1.209897e+02
MG11_NET4_2017_038_DD_E1_172242_0121_ASCII.dat , 1.214187e+02 , 1.213033e+02 , 1.212539e+02 ,  1.213033e+02
MG11_NET4_2017_038_DD_E1_172242_0131_ASCII.dat , 1.215833e+02 , 1.214434e+02 , 1.215010e+02 ,  1.215010e+02
MG11_NET4_2017_038_DD_E1_172242_0141_ASCII.dat , 1.216409e+02 , 1.216162e+02 , 1.215998e+02 ,  1.215504e+02


DIFF
CH0 , CH1 , CH2 ,  CH3

