ON
File , CH0 , CH1 , CH2 ,  CH3
MG11_NET4_2017_038_DD_E1_172242_0168_ASCII.dat , 1.272890e+02 , 1.271869e+02 , 1.270846e+02 ,  1.270217e+02
MG11_NET4_2017_038_DD_E1_172242_0178_ASCII.dat , 1.265800e+02 , 1.265089e+02 , 1.264852e+02 ,  1.264615e+02
MG11_NET4_2017_038_DD_E1_172242_0188_ASCII.dat , 1.254611e+02 , 1.254452e+02 , 1.253336e+02 ,  1.252458e+02
MG11_NET4_2017_038_DD_E1_172242_0198_ASCII.dat , 1.252458e+02 , 1.251739e+02 , 1.251259e+02 ,  1.251419e+02
MG11_NET4_2017_038_DD_E1_172242_0208_ASCII.dat , 1.248859e+02 , 1.249500e+02 , 1.247417e+02 ,  1.247337e+02
MG11_NET4_2017_038_DD_E1_172242_0218_ASCII.dat , 1.261210e+02 , 1.260258e+02 , 1.260020e+02 ,  1.259544e+02
MG11_NET4_2017_038_DD_E1_172242_0228_ASCII.dat , 1.486355e+02 , 1.485682e+02 , 1.485682e+02 ,  1.484604e+02
MG11_NET4_2017_038_DD_E1_172242_0238_ASCII.dat , 1.245090e+02 , 1.244046e+02 , 1.243483e+02 ,  1.243805e+02
MG11_NET4_2017_038_DD_E1_172242_0248_ASCII.dat , 1.241068e+02 , 1.239617e+02 , 1.238729e+02 ,  1.238729e+02
MG11_NET4_2017_038_DD_E1_172242_0258_ASCII.dat , 1.241149e+02 , 1.239617e+02 , 1.239456e+02 ,  1.239213e+02
MG11_NET4_2017_038_DD_E1_172242_0268_ASCII.dat , 1.238406e+02 , 1.237518e+02 , 1.237760e+02 ,  1.237033e+02
MG11_NET4_2017_038_DD_E1_172242_0278_ASCII.dat , 1.235820e+02 , 1.234767e+02 , 1.235010e+02 ,  1.234848e+02
MG11_NET4_2017_038_DD_E1_172242_0288_ASCII.dat , 1.232822e+02 , 1.232822e+02 , 1.231442e+02 ,  1.231117e+02
MG11_NET4_2017_038_DD_E1_172242_0298_ASCII.dat , 1.226560e+02 , 1.226234e+02 , 1.224602e+02 ,  1.224602e+02
MG11_NET4_2017_038_DD_E1_172242_0308_ASCII.dat , 1.225337e+02 , 1.224030e+02 , 1.224030e+02 ,  1.223622e+02
MG11_NET4_2017_038_DD_E1_172242_0318_ASCII.dat , 1.223867e+02 , 1.222477e+02 , 1.223049e+02 ,  1.222804e+02
OFF
File , CH0 , CH1 , CH2 ,  CH3
MG11_NET4_2017_038_DD_E1_172242_0171_ASCII.dat , 1.229898e+02 , 1.228515e+02 , 1.227945e+02 ,  1.227457e+02
MG11_NET4_2017_038_DD_E1_172242_0181_ASCII.dat , 1.226723e+02 , 1.226234e+02 , 1.224847e+02 ,  1.225255e+02
MG11_NET4_2017_038_DD_E1_172242_0191_ASCII.dat , 1.216409e+02 , 1.215833e+02 , 1.215504e+02 ,  1.215093e+02
MG11_NET4_2017_038_DD_E1_172242_0201_ASCII.dat , 1.238891e+02 , 1.237518e+02 , 1.236548e+02 ,  1.236224e+02
MG11_NET4_2017_038_DD_E1_172242_0211_ASCII.dat , 1.214434e+02 , 1.213693e+02 , 1.212539e+02 ,  1.212539e+02
MG11_NET4_2017_038_DD_E1_172242_0221_ASCII.dat , 1.215010e+02 , 1.213693e+02 , 1.213693e+02 ,  1.212209e+02
MG11_NET4_2017_038_DD_E1_172242_0231_ASCII.dat , 1.226153e+02 , 1.225337e+02 , 1.224847e+02 ,  1.224030e+02
MG11_NET4_2017_038_DD_E1_172242_0241_ASCII.dat , 1.220840e+02 , 1.219119e+02 , 1.218708e+02 ,  1.217641e+02
MG11_NET4_2017_038_DD_E1_172242_0251_ASCII.dat , 1.217477e+02 , 1.216491e+02 , 1.216737e+02 ,  1.215998e+02
MG11_NET4_2017_038_DD_E1_172242_0261_ASCII.dat , 1.215833e+02 , 1.214928e+02 , 1.214928e+02 ,  1.213693e+02
MG11_NET4_2017_038_DD_E1_172242_0271_ASCII.dat , 1.195345e+02 , 1.195010e+02 , 1.194592e+02 ,  1.194759e+02
MG11_NET4_2017_038_DD_E1_172242_0281_ASCII.dat , 1.196265e+02 , 1.195094e+02 , 1.195094e+02 ,  1.195094e+02
MG11_NET4_2017_038_DD_E1_172242_0291_ASCII.dat , 1.202518e+02 , 1.201770e+02 , 1.201770e+02 ,  1.200937e+02
MG11_NET4_2017_038_DD_E1_172242_0301_ASCII.dat , 1.190567e+02 , 1.189307e+02 , 1.189222e+02 ,  1.189222e+02
MG11_NET4_2017_038_DD_E1_172242_0311_ASCII.dat , 1.188465e+02 , 1.187960e+02 , 1.187287e+02 ,  1.186529e+02
MG11_NET4_2017_038_DD_E1_172242_0321_ASCII.dat , 1.187708e+02 , 1.187287e+02 , 1.185854e+02 ,  1.185854e+02
>> 