SOURCE 521-635

ON
File , CH0 , CH1 , CH2 ,  CH3
MG11_NET4_2017_038_DD_E1_172242_0168_ASCII.dat , 1.354555e+02 , 1.353913e+02 , 1.352416e+02 ,  1.352013e+02
MG11_NET4_2017_038_DD_E1_172242_0178_ASCII.dat , 1.346841e+02 , 1.346820e+02 , 1.346139e+02 ,  1.345326e+02
MG11_NET4_2017_038_DD_E1_172242_0188_ASCII.dat , 1.335336e+02 , 1.334665e+02 , 1.333898e+02 ,  1.333442e+02
MG11_NET4_2017_038_DD_E1_172242_0198_ASCII.dat , 1.333160e+02 , 1.332425e+02 , 1.332019e+02 ,  1.331347e+02
MG11_NET4_2017_038_DD_E1_172242_0208_ASCII.dat , 1.329760e+02 , 1.330086e+02 , 1.328471e+02 ,  1.328180e+02
MG11_NET4_2017_038_DD_E1_172242_0218_ASCII.dat , 1.342813e+02 , 1.341815e+02 , 1.341443e+02 ,  1.341120e+02
MG11_NET4_2017_038_DD_E1_172242_0228_ASCII.dat , 1.582530e+02 , 1.581780e+02 , 1.581249e+02 ,  1.579888e+02
MG11_NET4_2017_038_DD_E1_172242_0238_ASCII.dat , 1.324702e+02 , 1.323915e+02 , 1.323013e+02 ,  1.323694e+02
MG11_NET4_2017_038_DD_E1_172242_0248_ASCII.dat , 1.320658e+02 , 1.319506e+02 , 1.318901e+02 ,  1.319050e+02
MG11_NET4_2017_038_DD_E1_172242_0258_ASCII.dat , 1.320921e+02 , 1.319817e+02 , 1.319736e+02 ,  1.319203e+02
MG11_NET4_2017_038_DD_E1_172242_0268_ASCII.dat , 1.318314e+02 , 1.318005e+02 , 1.317416e+02 ,  1.316787e+02
MG11_NET4_2017_038_DD_E1_172242_0278_ASCII.dat , 1.314963e+02 , 1.313939e+02 , 1.314277e+02 ,  1.313985e+02
MG11_NET4_2017_038_DD_E1_172242_0288_ASCII.dat , 1.312367e+02 , 1.311915e+02 , 1.310953e+02 ,  1.310373e+02
MG11_NET4_2017_038_DD_E1_172242_0298_ASCII.dat , 1.305717e+02 , 1.305648e+02 , 1.303300e+02 ,  1.303572e+02
MG11_NET4_2017_038_DD_E1_172242_0308_ASCII.dat , 1.304323e+02 , 1.303216e+02 , 1.302868e+02 ,  1.302288e+02
MG11_NET4_2017_038_DD_E1_172242_0318_ASCII.dat , 1.302285e+02 , 1.301280e+02 , 1.300955e+02 ,  1.300874e+02
OFF
File , CH0 , CH1 , CH2 ,  CH3
MG11_NET4_2017_038_DD_E1_172242_0171_ASCII.dat , 1.308804e+02 , 1.307631e+02 , 1.306969e+02 ,  1.307062e+02
MG11_NET4_2017_038_DD_E1_172242_0181_ASCII.dat , 1.305703e+02 , 1.305067e+02 , 1.303606e+02 ,  1.304357e+02
MG11_NET4_2017_038_DD_E1_172242_0191_ASCII.dat , 1.294986e+02 , 1.294151e+02 , 1.293557e+02 ,  1.293895e+02
MG11_NET4_2017_038_DD_E1_172242_0201_ASCII.dat , 1.319164e+02 , 1.317639e+02 , 1.316336e+02 ,  1.316160e+02
MG11_NET4_2017_038_DD_E1_172242_0211_ASCII.dat , 1.292523e+02 , 1.291415e+02 , 1.290570e+02 ,  1.290820e+02
MG11_NET4_2017_038_DD_E1_172242_0221_ASCII.dat , 1.293049e+02 , 1.291771e+02 , 1.291374e+02 ,  1.290650e+02
MG11_NET4_2017_038_DD_E1_172242_0231_ASCII.dat , 1.305151e+02 , 1.304366e+02 , 1.303448e+02 ,  1.303263e+02
MG11_NET4_2017_038_DD_E1_172242_0241_ASCII.dat , 1.299356e+02 , 1.297820e+02 , 1.297327e+02 ,  1.296605e+02
MG11_NET4_2017_038_DD_E1_172242_0251_ASCII.dat , 1.295737e+02 , 1.294930e+02 , 1.295047e+02 ,  1.293915e+02
MG11_NET4_2017_038_DD_E1_172242_0261_ASCII.dat , 1.294034e+02 , 1.293086e+02 , 1.292648e+02 ,  1.291493e+02
MG11_NET4_2017_038_DD_E1_172242_0271_ASCII.dat , 1.272329e+02 , 1.271901e+02 , 1.270893e+02 ,  1.271289e+02
MG11_NET4_2017_038_DD_E1_172242_0281_ASCII.dat , 1.273246e+02 , 1.272013e+02 , 1.271912e+02 ,  1.271582e+02
MG11_NET4_2017_038_DD_E1_172242_0291_ASCII.dat , 1.280023e+02 , 1.279309e+02 , 1.279077e+02 ,  1.278542e+02
MG11_NET4_2017_038_DD_E1_172242_0301_ASCII.dat , 1.267270e+02 , 1.266443e+02 , 1.265925e+02 ,  1.266111e+02
MG11_NET4_2017_038_DD_E1_172242_0311_ASCII.dat , 1.264974e+02 , 1.264499e+02 , 1.263410e+02 ,  1.263569e+02
MG11_NET4_2017_038_DD_E1_172242_0321_ASCII.dat , 1.264212e+02 , 1.263310e+02 , 1.262805e+02 ,  1.262153e+02


GPU - SOURCe 521

ON
File , CH0 , CH1 , CH2 ,  CH3
MG11_NET4_2017_038_DD_E1_172242_0168_ASCII.dat , 1.354555e+02 , 1.353913e+02 , 1.352416e+02 ,  1.352013e+02
MG11_NET4_2017_038_DD_E1_172242_0178_ASCII.dat , 1.346841e+02 , 1.346820e+02 , 1.346139e+02 ,  1.345326e+02
MG11_NET4_2017_038_DD_E1_172242_0188_ASCII.dat , 1.335336e+02 , 1.334665e+02 , 1.333898e+02 ,  1.333442e+02
MG11_NET4_2017_038_DD_E1_172242_0198_ASCII.dat , 1.333160e+02 , 1.332425e+02 , 1.332019e+02 ,  1.331347e+02
MG11_NET4_2017_038_DD_E1_172242_0208_ASCII.dat , 1.329760e+02 , 1.330086e+02 , 1.328471e+02 ,  1.328180e+02
MG11_NET4_2017_038_DD_E1_172242_0218_ASCII.dat , 1.342813e+02 , 1.341815e+02 , 1.341443e+02 ,  1.341120e+02
MG11_NET4_2017_038_DD_E1_172242_0228_ASCII.dat , 1.582530e+02 , 1.581780e+02 , 1.581249e+02 ,  1.579888e+02
MG11_NET4_2017_038_DD_E1_172242_0238_ASCII.dat , 1.324702e+02 , 1.323915e+02 , 1.323013e+02 ,  1.323694e+02
MG11_NET4_2017_038_DD_E1_172242_0248_ASCII.dat , 1.320658e+02 , 1.319506e+02 , 1.318901e+02 ,  1.319050e+02
MG11_NET4_2017_038_DD_E1_172242_0258_ASCII.dat , 1.320921e+02 , 1.319817e+02 , 1.319736e+02 ,  1.319203e+02
MG11_NET4_2017_038_DD_E1_172242_0268_ASCII.dat , 1.318314e+02 , 1.318005e+02 , 1.317416e+02 ,  1.316787e+02
MG11_NET4_2017_038_DD_E1_172242_0278_ASCII.dat , 1.314963e+02 , 1.313939e+02 , 1.314277e+02 ,  1.313985e+02
MG11_NET4_2017_038_DD_E1_172242_0288_ASCII.dat , 1.312367e+02 , 1.311915e+02 , 1.310953e+02 ,  1.310373e+02
MG11_NET4_2017_038_DD_E1_172242_0298_ASCII.dat , 1.305717e+02 , 1.305648e+02 , 1.303300e+02 ,  1.303572e+02
MG11_NET4_2017_038_DD_E1_172242_0308_ASCII.dat , 1.304323e+02 , 1.303216e+02 , 1.302868e+02 ,  1.302288e+02
MG11_NET4_2017_038_DD_E1_172242_0318_ASCII.dat , 1.302285e+02 , 1.301280e+02 , 1.300955e+02 ,  1.300874e+02
OFF
File , CH0 , CH1 , CH2 ,  CH3
MG11_NET4_2017_038_DD_E1_172242_0171_ASCII.dat , 1.308804e+02 , 1.307631e+02 , 1.306969e+02 ,  1.307062e+02
MG11_NET4_2017_038_DD_E1_172242_0181_ASCII.dat , 1.305703e+02 , 1.305067e+02 , 1.303606e+02 ,  1.304357e+02
MG11_NET4_2017_038_DD_E1_172242_0191_ASCII.dat , 1.294986e+02 , 1.294151e+02 , 1.293557e+02 ,  1.293895e+02
MG11_NET4_2017_038_DD_E1_172242_0201_ASCII.dat , 1.319164e+02 , 1.317639e+02 , 1.316336e+02 ,  1.316160e+02
MG11_NET4_2017_038_DD_E1_172242_0211_ASCII.dat , 1.292523e+02 , 1.291415e+02 , 1.290570e+02 ,  1.290820e+02
MG11_NET4_2017_038_DD_E1_172242_0221_ASCII.dat , 1.293049e+02 , 1.291771e+02 , 1.291374e+02 ,  1.290650e+02
MG11_NET4_2017_038_DD_E1_172242_0231_ASCII.dat , 1.305151e+02 , 1.304366e+02 , 1.303448e+02 ,  1.303263e+02
MG11_NET4_2017_038_DD_E1_172242_0241_ASCII.dat , 1.299356e+02 , 1.297820e+02 , 1.297327e+02 ,  1.296605e+02
MG11_NET4_2017_038_DD_E1_172242_0251_ASCII.dat , 1.295737e+02 , 1.294930e+02 , 1.295047e+02 ,  1.293915e+02
MG11_NET4_2017_038_DD_E1_172242_0261_ASCII.dat , 1.294034e+02 , 1.293086e+02 , 1.292648e+02 ,  1.291493e+02
MG11_NET4_2017_038_DD_E1_172242_0271_ASCII.dat , 1.272329e+02 , 1.271901e+02 , 1.270893e+02 ,  1.271289e+02
MG11_NET4_2017_038_DD_E1_172242_0281_ASCII.dat , 1.273246e+02 , 1.272013e+02 , 1.271912e+02 ,  1.271582e+02
MG11_NET4_2017_038_DD_E1_172242_0291_ASCII.dat , 1.280023e+02 , 1.279309e+02 , 1.279077e+02 ,  1.278542e+02
MG11_NET4_2017_038_DD_E1_172242_0301_ASCII.dat , 1.267270e+02 , 1.266443e+02 , 1.265925e+02 ,  1.266111e+02
MG11_NET4_2017_038_DD_E1_172242_0311_ASCII.dat , 1.264974e+02 , 1.264499e+02 , 1.263410e+02 ,  1.263569e+02
MG11_NET4_2017_038_DD_E1_172242_0321_ASCII.dat , 1.264212e+02 , 1.263310e+02 , 1.262805e+02 ,  1.262153e+02



source 1934-638

ON
File , CH0 , CH1 , CH2 ,  CH3
MG11_NET4_2017_038_DD_E1_172242_0008_ASCII.dat , 1.292740e+02 , 1.292766e+02 , 1.291334e+02 ,  1.292729e+02
MG11_NET4_2017_038_DD_E1_172242_0018_ASCII.dat , 1.293323e+02 , 1.293191e+02 , 1.292393e+02 ,  1.291828e+02
MG11_NET4_2017_038_DD_E1_172242_0028_ASCII.dat , 1.294489e+02 , 1.293592e+02 , 1.293023e+02 ,  1.292972e+02
MG11_NET4_2017_038_DD_E1_172242_0038_ASCII.dat , 1.294889e+02 , 1.294119e+02 , 1.293539e+02 ,  1.293652e+02
MG11_NET4_2017_038_DD_E1_172242_0048_ASCII.dat , 1.296701e+02 , 1.295977e+02 , 1.295481e+02 ,  1.295279e+02
MG11_NET4_2017_038_DD_E1_172242_0058_ASCII.dat , 1.301476e+02 , 1.300517e+02 , 1.300291e+02 ,  1.300387e+02
MG11_NET4_2017_038_DD_E1_172242_0068_ASCII.dat , 1.297885e+02 , 1.297783e+02 , 1.297222e+02 ,  1.296933e+02
MG11_NET4_2017_038_DD_E1_172242_0078_ASCII.dat , 1.301115e+02 , 1.300708e+02 , 1.300280e+02 ,  1.300339e+02
MG11_NET4_2017_038_DD_E1_172242_0088_ASCII.dat , 1.300326e+02 , 1.299477e+02 , 1.299403e+02 ,  1.299232e+02
MG11_NET4_2017_038_DD_E1_172242_0098_ASCII.dat , 1.302528e+02 , 1.301425e+02 , 1.301433e+02 ,  1.301324e+02
MG11_NET4_2017_038_DD_E1_172242_0108_ASCII.dat , 1.304254e+02 , 1.303897e+02 , 1.303180e+02 ,  1.303371e+02
MG11_NET4_2017_038_DD_E1_172242_0118_ASCII.dat , 1.306248e+02 , 1.305916e+02 , 1.305374e+02 ,  1.305394e+02
MG11_NET4_2017_038_DD_E1_172242_0128_ASCII.dat , 1.308666e+02 , 1.307656e+02 , 1.307125e+02 ,  1.306898e+02
MG11_NET4_2017_038_DD_E1_172242_0138_ASCII.dat , 1.310044e+02 , 1.309620e+02 , 1.309090e+02 ,  1.309117e+02
OFF
File , CH0 , CH1 , CH2 ,  CH3
MG11_NET4_2017_038_DD_E1_172242_0001_ASCII.dat , 1.293098e+02 , 1.292345e+02 , 1.291753e+02 ,  1.291312e+02
MG11_NET4_2017_038_DD_E1_172242_0011_ASCII.dat , 1.278348e+02 , 1.277333e+02 , 1.277154e+02 ,  1.276974e+02
MG11_NET4_2017_038_DD_E1_172242_0021_ASCII.dat , 1.279194e+02 , 1.278575e+02 , 1.277962e+02 ,  1.277870e+02
MG11_NET4_2017_038_DD_E1_172242_0031_ASCII.dat , 1.278920e+02 , 1.278321e+02 , 1.278044e+02 ,  1.278158e+02
MG11_NET4_2017_038_DD_E1_172242_0041_ASCII.dat , 1.279068e+02 , 1.278933e+02 , 1.278613e+02 ,  1.278441e+02
MG11_NET4_2017_038_DD_E1_172242_0051_ASCII.dat , 1.281393e+02 , 1.280779e+02 , 1.280446e+02 ,  1.280660e+02
MG11_NET4_2017_038_DD_E1_172242_0061_ASCII.dat , 1.284615e+02 , 1.283934e+02 , 1.283243e+02 ,  1.283667e+02
MG11_NET4_2017_038_DD_E1_172242_0071_ASCII.dat , 1.287674e+02 , 1.287163e+02 , 1.287030e+02 ,  1.286810e+02
MG11_NET4_2017_038_DD_E1_172242_0081_ASCII.dat , 1.286553e+02 , 1.285748e+02 , 1.285578e+02 ,  1.285164e+02
MG11_NET4_2017_038_DD_E1_172242_0091_ASCII.dat , 1.285089e+02 , 1.284887e+02 , 1.284275e+02 ,  1.284148e+02
MG11_NET4_2017_038_DD_E1_172242_0101_ASCII.dat , 1.287450e+02 , 1.287715e+02 , 1.286279e+02 ,  1.286865e+02
MG11_NET4_2017_038_DD_E1_172242_0111_ASCII.dat , 1.289454e+02 , 1.288819e+02 , 1.288049e+02 ,  1.288531e+02
MG11_NET4_2017_038_DD_E1_172242_0121_ASCII.dat , 1.292009e+02 , 1.291432e+02 , 1.291130e+02 ,  1.290814e+02
MG11_NET4_2017_038_DD_E1_172242_0131_ASCII.dat , 1.293900e+02 , 1.293004e+02 , 1.293065e+02 ,  1.292856e+02
MG11_NET4_2017_038_DD_E1_172242_0141_ASCII.dat , 1.294920e+02 , 1.294541e+02 , 1.294019e+02 ,  1.293813e+02
>> 
